1329565263 2
1329565835 157
1329567792 191
1329569085 316
1329569110 316
1329569986 370
1329574888 433
1329574995 570
1329575018 575
1329576163 576
1329576205 644
1329578710 686
1329579360 687
1329579530 798
1329580013 792
1329580192 842
1329581215 850
1329581288 869
1329581582 961
1329581752 962
1329581958 966
1329582881 1049
1329583616 1092
1329583632 1171
1329586004 1211
1329586394 1219
1329586463 1258
1329586592 1249
1329587145 1251
1329589832 1289
1329590182 1421
1329592005 1507
1329592617 1524
1329592626 1537
1329599468 1576
1329600411 1606
1329601252 1634
1329612849 1647
1329640981 1954
1329640997 2123
1329641038 2105
1329641129 2134
1329641673 2176
1329657718 3250
1329657722 3724
1329658519 3724
1329658524 3825
1329669658 3937
1329669662 4143
1329669768 4143
1329670160 4188
1329670468 4191
1329671169 4191
